{
 "cells": [
  {
   "cell_type": "code",
   "execution_count": 1,
   "metadata": {},
   "outputs": [],
   "source": [
    "from sklearn import datasets, svm\n",
    "iris = datasets.load_iris()\n",
    "X = iris.data\n",
    "Y = iris.target"
   ]
  },
  {
   "cell_type": "markdown",
   "metadata": {},
   "source": [
    "## Classification\n",
    "Response: Species -> 3 classes"
   ]
  },
  {
   "cell_type": "code",
   "execution_count": 2,
   "metadata": {},
   "outputs": [
    {
     "data": {
      "text/plain": [
       "SVC(probability=True)"
      ]
     },
     "execution_count": 2,
     "metadata": {},
     "output_type": "execute_result"
    }
   ],
   "source": [
    "sv = svm.SVC(probability=True)\n",
    "sv.fit(X, Y)"
   ]
  },
  {
   "cell_type": "markdown",
   "metadata": {},
   "source": [
    "Make predictions:"
   ]
  },
  {
   "cell_type": "code",
   "execution_count": 5,
   "metadata": {},
   "outputs": [],
   "source": [
    "pred = sv.predict_proba(X)"
   ]
  },
  {
   "cell_type": "markdown",
   "metadata": {},
   "source": [
    "Probabilities for each species:"
   ]
  },
  {
   "cell_type": "code",
   "execution_count": 6,
   "metadata": {},
   "outputs": [
    {
     "name": "stdout",
     "output_type": "stream",
     "text": [
      "[[9.78985350e-01 1.32049669e-02 7.80968338e-03]\n",
      " [9.71337696e-01 1.98575702e-02 8.80473377e-03]\n",
      " [9.80026280e-01 1.23760673e-02 7.59765291e-03]\n",
      " [9.70802470e-01 2.00031952e-02 9.19433521e-03]\n",
      " [9.80763982e-01 1.16514537e-02 7.58456432e-03]\n",
      " [9.63156566e-01 2.51412017e-02 1.17022319e-02]\n",
      " [9.78543634e-01 1.33424368e-02 8.11392933e-03]\n",
      " [9.74559170e-01 1.69375446e-02 8.50328509e-03]\n",
      " [9.71168469e-01 1.93730633e-02 9.45846781e-03]\n",
      " [9.71048683e-01 2.00913903e-02 8.85992666e-03]\n",
      " [9.75034116e-01 1.60314152e-02 8.93446905e-03]\n",
      " [9.71399516e-01 1.94493034e-02 9.15118087e-03]\n",
      " [9.74034635e-01 1.75055176e-02 8.45984735e-03]\n",
      " [9.83218775e-01 9.22893576e-03 7.55228939e-03]\n",
      " [9.81031757e-01 1.02756042e-02 8.69263928e-03]\n",
      " [9.72717884e-01 1.55805342e-02 1.17015823e-02]\n",
      " [9.80192220e-01 1.14748243e-02 8.33295611e-03]\n",
      " [9.77396657e-01 1.44668179e-02 8.13652499e-03]\n",
      " [9.57615554e-01 2.97698535e-02 1.26145922e-02]\n",
      " [9.77509512e-01 1.39223588e-02 8.56812945e-03]\n",
      " [9.56498292e-01 3.22074848e-02 1.12942230e-02]\n",
      " [9.74441567e-01 1.65228666e-02 9.03556670e-03]\n",
      " [9.88523058e-01 5.36438590e-03 6.11255570e-03]\n",
      " [9.45813984e-01 4.17137890e-02 1.24722273e-02]\n",
      " [9.48714611e-01 3.87820513e-02 1.25033381e-02]\n",
      " [9.57355996e-01 3.20753611e-02 1.05686428e-02]\n",
      " [9.64150426e-01 2.56255310e-02 1.02240426e-02]\n",
      " [9.74385244e-01 1.69664004e-02 8.64835538e-03]\n",
      " [9.76724250e-01 1.51453965e-02 8.13035306e-03]\n",
      " [9.67332397e-01 2.30074582e-02 9.66014434e-03]\n",
      " [9.63533245e-01 2.64666749e-02 1.00000804e-02]\n",
      " [9.64495695e-01 2.52525615e-02 1.02517437e-02]\n",
      " [9.81428475e-01 1.03185292e-02 8.25299606e-03]\n",
      " [9.80631534e-01 1.05452435e-02 8.82322244e-03]\n",
      " [9.68777593e-01 2.20288696e-02 9.19353717e-03]\n",
      " [9.81434392e-01 1.13536090e-02 7.21199873e-03]\n",
      " [9.78234354e-01 1.36140640e-02 8.15158180e-03]\n",
      " [9.82409163e-01 1.03275561e-02 7.26328117e-03]\n",
      " [9.77231390e-01 1.43037411e-02 8.46486885e-03]\n",
      " [9.73652987e-01 1.77080460e-02 8.63896734e-03]\n",
      " [9.81135284e-01 1.14166392e-02 7.44807697e-03]\n",
      " [9.51205586e-01 3.62031168e-02 1.25912970e-02]\n",
      " [9.80366954e-01 1.17339210e-02 7.89912462e-03]\n",
      " [9.59860939e-01 2.88936433e-02 1.12454178e-02]\n",
      " [9.49808673e-01 3.66916725e-02 1.34996550e-02]\n",
      " [9.69804284e-01 2.10661750e-02 9.12954126e-03]\n",
      " [9.75458309e-01 1.55750072e-02 8.96668359e-03]\n",
      " [9.77098652e-01 1.46890375e-02 8.21231023e-03]\n",
      " [9.76199199e-01 1.51433612e-02 8.65743998e-03]\n",
      " [9.76809830e-01 1.51568408e-02 8.03332934e-03]\n",
      " [1.02026988e-02 8.94506443e-01 9.52908582e-02]\n",
      " [8.03580671e-03 9.35122881e-01 5.68413122e-02]\n",
      " [9.93354597e-03 6.83807074e-01 3.06259380e-01]\n",
      " [6.15695612e-03 9.82627623e-01 1.12154208e-02]\n",
      " [6.26551923e-03 8.77035508e-01 1.16698972e-01]\n",
      " [5.43293958e-03 9.48895253e-01 4.56718073e-02]\n",
      " [8.75297636e-03 8.07617048e-01 1.83629976e-01]\n",
      " [5.01848865e-02 9.38348190e-01 1.14669232e-02]\n",
      " [6.70208274e-03 9.41789162e-01 5.15087553e-02]\n",
      " [1.04134572e-02 9.79446446e-01 1.01400972e-02]\n",
      " [1.98822141e-02 9.73879095e-01 6.23869091e-03]\n",
      " [7.61073020e-03 9.72133434e-01 2.02558358e-02]\n",
      " [6.71422855e-03 9.89326436e-01 3.95933577e-03]\n",
      " [5.99112493e-03 8.68020513e-01 1.25988363e-01]\n",
      " [2.21286401e-02 9.72249383e-01 5.62197699e-03]\n",
      " [9.14389739e-03 9.64482246e-01 2.63738562e-02]\n",
      " [6.56891189e-03 9.09295381e-01 8.41357072e-02]\n",
      " [8.60440902e-03 9.87409160e-01 3.98643097e-03]\n",
      " [5.30149120e-03 8.61034247e-01 1.33664262e-01]\n",
      " [9.27421105e-03 9.86674826e-01 4.05096274e-03]\n",
      " [1.01124747e-02 4.93464172e-01 4.96423353e-01]\n",
      " [8.91335043e-03 9.85747245e-01 5.33940500e-03]\n",
      " [7.72537853e-03 5.50610448e-01 4.41664174e-01]\n",
      " [5.31382737e-03 9.28058671e-01 6.66275018e-02]\n",
      " [7.45168554e-03 9.78733901e-01 1.38144132e-02]\n",
      " [7.89151544e-03 9.63940911e-01 2.81675740e-02]\n",
      " [7.69408712e-03 8.05398890e-01 1.86907022e-01]\n",
      " [9.83038068e-03 3.48388903e-01 6.41780716e-01]\n",
      " [5.88470471e-03 9.16470180e-01 7.76451157e-02]\n",
      " [2.64646829e-02 9.67424776e-01 6.11054111e-03]\n",
      " [1.04491861e-02 9.85535253e-01 4.01556092e-03]\n",
      " [1.41701349e-02 9.81950397e-01 3.87946834e-03]\n",
      " [1.00576155e-02 9.85901382e-01 4.04100220e-03]\n",
      " [8.73751345e-03 2.48980489e-01 7.42281997e-01]\n",
      " [7.02141697e-03 9.00059105e-01 9.29194779e-02]\n",
      " [9.02626373e-03 9.11916622e-01 7.90571146e-02]\n",
      " [8.14535695e-03 8.49269046e-01 1.42585597e-01]\n",
      " [4.58698379e-03 9.57678461e-01 3.77345555e-02]\n",
      " [9.74736820e-03 9.81866149e-01 8.38648271e-03]\n",
      " [7.07559122e-03 9.83714508e-01 9.20990071e-03]\n",
      " [5.24886113e-03 9.66743203e-01 2.80079358e-02]\n",
      " [6.15363152e-03 9.18681173e-01 7.51651954e-02]\n",
      " [7.77634100e-03 9.87013132e-01 5.21052746e-03]\n",
      " [4.27026856e-02 9.47350594e-01 9.94672028e-03]\n",
      " [6.33825766e-03 9.78797390e-01 1.48643519e-02]\n",
      " [8.92508318e-03 9.82950656e-01 8.12426128e-03]\n",
      " [7.55673607e-03 9.80551277e-01 1.18919871e-02]\n",
      " [7.00234285e-03 9.78637623e-01 1.43600344e-02]\n",
      " [9.84426439e-02 8.83360217e-01 1.81971388e-02]\n",
      " [7.74824410e-03 9.83409737e-01 8.84201933e-03]\n",
      " [6.40066002e-03 6.05082696e-04 9.92994257e-01]\n",
      " [8.77540295e-03 8.62396859e-02 9.04984911e-01]\n",
      " [7.52050562e-03 2.41389491e-03 9.90065599e-01]\n",
      " [6.92032523e-03 1.60842065e-02 9.76995468e-01]\n",
      " [6.21658276e-03 1.86951253e-03 9.91913905e-01]\n",
      " [1.11323897e-02 1.26376129e-03 9.87603849e-01]\n",
      " [1.09059499e-02 6.77940506e-01 3.11153544e-01]\n",
      " [8.75288241e-03 1.93911593e-03 9.89308002e-01]\n",
      " [6.88998678e-03 5.77611474e-03 9.87333898e-01]\n",
      " [9.32321879e-03 1.19808365e-03 9.89478698e-01]\n",
      " [9.59747430e-03 9.85440940e-02 8.91858432e-01]\n",
      " [7.92979079e-03 3.79027878e-02 9.54167421e-01]\n",
      " [7.49987600e-03 1.01565571e-02 9.82343567e-01]\n",
      " [9.22902810e-03 7.97178517e-02 9.11053120e-01]\n",
      " [8.21486880e-03 1.49086665e-02 9.76876465e-01]\n",
      " [7.88090906e-03 1.28523690e-02 9.79266722e-01]\n",
      " [7.63164987e-03 2.85748888e-02 9.63793461e-01]\n",
      " [1.50933228e-02 2.37408199e-03 9.82532595e-01]\n",
      " [1.42437884e-02 1.59345077e-03 9.84162761e-01]\n",
      " [8.78728973e-03 3.49182824e-01 6.42029886e-01]\n",
      " [7.39655107e-03 2.81777404e-03 9.89785675e-01]\n",
      " [1.03178655e-02 1.50075778e-01 8.39606356e-01]\n",
      " [1.24208219e-02 1.47619698e-03 9.86102981e-01]\n",
      " [9.17582432e-03 2.97045300e-01 6.93778876e-01]\n",
      " [7.30346826e-03 5.45575489e-03 9.87240777e-01]\n",
      " [8.54865217e-03 5.53210848e-03 9.85919239e-01]\n",
      " [9.11604954e-03 4.26139889e-01 5.64744062e-01]\n",
      " [9.55980891e-03 3.43303950e-01 6.47136241e-01]\n",
      " [6.38649044e-03 4.92879346e-03 9.88684716e-01]\n",
      " [9.03099950e-03 2.07168275e-02 9.70252173e-01]\n",
      " [8.85488228e-03 2.58680609e-03 9.88558312e-01]\n",
      " [1.56846480e-02 4.16512768e-03 9.80150224e-01]\n",
      " [6.29648264e-03 3.46063918e-03 9.90242878e-01]\n",
      " [8.60182918e-03 3.67175057e-01 6.24223114e-01]\n",
      " [8.52625013e-03 5.78941605e-02 9.33579589e-01]\n",
      " [1.05714299e-02 1.66621041e-03 9.87762360e-01]\n",
      " [7.16473629e-03 3.05257359e-03 9.89782690e-01]\n",
      " [7.73425910e-03 3.04577663e-02 9.61807975e-01]\n",
      " [9.48168255e-03 4.57021520e-01 5.33496797e-01]\n",
      " [8.29821761e-03 1.78939614e-02 9.73807821e-01]\n",
      " [6.97984177e-03 2.52576506e-03 9.90494393e-01]\n",
      " [9.78725100e-03 3.36667281e-02 9.56546021e-01]\n",
      " [8.77540295e-03 8.62396859e-02 9.04984911e-01]\n",
      " [6.88251020e-03 1.34350983e-03 9.91773980e-01]\n",
      " [7.19152388e-03 1.59804722e-03 9.91210429e-01]\n",
      " [8.40556539e-03 1.84262675e-02 9.73168167e-01]\n",
      " [8.97491839e-03 1.26491646e-01 8.64533436e-01]\n",
      " [8.96214115e-03 5.30017193e-02 9.38036140e-01]\n",
      " [7.90334946e-03 9.75191805e-03 9.82344732e-01]\n",
      " [9.25883802e-03 1.56687033e-01 8.34054128e-01]]\n"
     ]
    }
   ],
   "source": [
    "print(pred)"
   ]
  },
  {
   "cell_type": "markdown",
   "metadata": {},
   "source": [
    "## Regression\n",
    "Response: Sepal.Length -> continuous"
   ]
  },
  {
   "cell_type": "code",
   "execution_count": 7,
   "metadata": {},
   "outputs": [
    {
     "data": {
      "text/plain": [
       "SVR()"
      ]
     },
     "execution_count": 7,
     "metadata": {},
     "output_type": "execute_result"
    }
   ],
   "source": [
    "sv = svm.SVR()\n",
    "sv.fit(X[:,1:], X[:,0])"
   ]
  },
  {
   "cell_type": "markdown",
   "metadata": {},
   "source": [
    "Make predictions:"
   ]
  },
  {
   "cell_type": "code",
   "execution_count": 8,
   "metadata": {},
   "outputs": [
    {
     "name": "stdout",
     "output_type": "stream",
     "text": [
      "[5.01208023 4.75458407 4.84575761 4.80535544 5.07147389 5.31013794\n",
      " 4.96502003 4.96142454 4.7137253  4.80019167 5.13953835 4.97178918\n",
      " 4.74952867 4.75576731 5.31501672 5.59994271 5.27988334 5.02274881\n",
      " 5.23536313 5.21295047 4.9858747  5.16339202 5.07660244 4.96206216\n",
      " 5.02517418 4.76980649 4.99247483 5.01891673 4.95475899 4.86436824\n",
      " 4.81529    4.98339822 5.38075912 5.44656778 4.80535544 4.84729299\n",
      " 5.00876101 5.06287789 4.75314325 4.96142454 5.01989924 4.57425564\n",
      " 4.84575761 5.0810201  5.28052991 4.76286109 5.21196336 4.84804806\n",
      " 5.13953835 4.89994259 6.26590555 6.10051014 6.34746893 5.54434494\n",
      " 6.03048156 6.0194349  6.23813501 5.22038054 6.12303117 5.58343132\n",
      " 5.25053564 5.84005784 5.5822708  6.16490087 5.50900246 6.02895963\n",
      " 6.03102799 5.79306762 5.77885529 5.58062214 6.21102809 5.69751633\n",
      " 6.1470281  6.18721559 5.92038    5.99368682 6.2032376  6.3272868\n",
      " 5.99635474 5.38940556 5.49118247 5.44833479 5.62445414 6.33671927\n",
      " 6.03102799 6.13878854 6.20278666 5.79358214 5.829976   5.59969706\n",
      " 5.91123802 6.12870866 5.65250237 5.1963603  5.78703372 5.91685393\n",
      " 5.85619046 5.92038    5.09465562 5.75842748 6.97231836 6.24142107\n",
      " 6.95205474 6.75429212 6.83226288 7.49966742 5.80710527 7.32448405\n",
      " 6.78712595 7.09974305 6.3674538  6.40416096 6.60364822 6.06820793\n",
      " 6.10983091 6.42279258 6.70091701 7.60028751 7.51551856 6.12578864\n",
      " 6.76363876 6.08687372 7.52981328 6.11945267 6.85733949 7.17066773\n",
      " 6.07845912 6.21849974 6.62872772 7.00284948 7.11650907 7.47679354\n",
      " 6.59565525 6.40052822 6.75327666 7.05935807 6.68922497 6.73088716\n",
      " 6.14494323 6.54781272 6.61438007 6.23316001 6.24142107 6.93735506\n",
      " 6.71502939 6.28230463 6.09944341 6.38542295 6.55858357 6.37249289]\n"
     ]
    }
   ],
   "source": [
    "pred = sv.predict(X[:,1:])\n",
    "print(pred)"
   ]
  }
 ],
 "metadata": {
  "interpreter": {
   "hash": "b2c8e16c7ccab309b6c7ff727be01f1772ce77360f8d9c2b6c3a69dbab5f4903"
  },
  "kernelspec": {
   "display_name": "Python 3.7.1",
   "language": "python",
   "name": "python3"
  },
  "language_info": {
   "codemirror_mode": {
    "name": "ipython",
    "version": 3
   },
   "file_extension": ".py",
   "mimetype": "text/x-python",
   "name": "python",
   "nbconvert_exporter": "python",
   "pygments_lexer": "ipython3",
   "version": "3.7.1"
  },
  "orig_nbformat": 4
 },
 "nbformat": 4,
 "nbformat_minor": 2
}
